12 0 8 9 0 6 15 0 4 0 0 11 14 0 13 1
0 0 5 0 0 8 0 0 0 13 0 16 11 0 0 3
11 0 0 0 0 0 0 0 0 0 0 5 4 8 0 0
0 0 6 0 0 0 10 16 0 0 0 0 0 0 0 9
0 5 0 0 12 9 0 0 0 15 0 8 10 4 0 0
0 0 15 4 8 13 0 0 0 0 16 14 12 0 0 5
10 16 0 8 0 0 6 14 0 4 0 0 0 0 9 0
6 0 0 14 0 16 4 0 3 5 11 9 13 0 1 0
0 9 0 0 0 0 0 0 12 0 0 0 0 1 14 6
0 0 14 0 0 0 0 0 0 9 0 0 16 0 15 0
0 0 11 0 10 0 16 0 0 7 8 0 0 0 12 13
0 0 0 13 0 11 12 0 0 0 0 15 8 3 5 0
8 11 0 10 0 12 2 0 0 0 6 0 0 7 4 0
14 0 13 15 16 0 8 0 11 0 0 0 0 9 0 0
0 0 0 0 15 0 11 0 0 14 0 0 6 0 0 0
0 7 4 6 1 10 13 0 0 12 0 0 15 0 0 0
