0 15 1 0 4 16 12 0 0 5 0 9 7 0 0 8
0 0 0 0 11 0 15 3 0 0 13 0 0 0 16 0
0 0 7 3 0 0 10 6 11 0 14 0 0 0 0 9
0 0 14 0 0 0 7 0 16 4 0 0 0 0 0 13
0 0 16 0 8 0 13 0 1 0 6 0 0 15 5 11
14 11 12 8 0 0 0 15 2 13 4 0 16 0 0 7
15 13 4 0 14 0 5 0 0 0 0 0 0 0 0 3
0 9 0 0 0 0 11 0 0 0 0 14 0 0 6 12
0 0 0 0 2 6 0 5 10 16 12 8 9 0 0 15
0 0 0 0 15 0 0 0 0 14 0 3 0 0 0 0
8 0 11 0 0 0 16 0 13 15 0 0 0 0 0 10
0 0 0 7 0 13 0 10 9 0 0 0 0 16 12 0
16 7 0 13 6 12 0 0 0 10 0 0 0 0 9 0
12 0 5 15 0 0 14 16 8 0 11 0 0 0 0 0
0 2 3 0 0 9 0 0 12 0 0 1 0 0 10 0
0 0 0 10 0 0 0 11 4 0 0 6 0 13 8 0
