14 0 7 2 0 0 10 0 0 3 0 0 6 0 0 1
13 0 0 0 0 2 0 0 0 0 0 0 0 0 16 0
12 0 0 0 0 1 0 3 14 0 0 0 4 5 0 9
9 10 15 0 0 0 0 0 5 0 1 0 0 13 11 0
0 16 0 1 0 0 0 14 2 6 0 9 3 12 10 4
0 7 10 0 8 0 1 12 4 11 0 0 0 0 9 0
0 3 0 14 2 0 0 15 0 0 0 12 0 0 13 6
11 0 0 0 13 0 3 0 15 1 5 0 16 0 0 0
0 0 0 16 0 12 2 9 3 0 0 0 0 0 0 0
0 5 0 6 11 0 0 8 0 13 14 1 9 0 0 16
0 0 9 0 0 0 0 13 0 0 8 0 0 0 5 3
10 0 0 15 3 6 0 0 0 16 4 0 0 8 14 0
0 14 3 4 0 0 0 0 0 0 15 11 1 0 0 0
5 9 11 0 0 0 15 0 0 0 6 16 12 0 4 7
0 15 6 8 12 0 16 0 0 0 0 0 0 0 0 0
0 0 0 0 0 0 0 0 0 0 0 0 8 0 3 0
